# Charge State 0
2.5645771        0.00032257884    0                0                0                0                0
0.00032257884    3.45123e-07      0                0                0                0                0
0                0                2.5629085        0.00031962043    0                0                0
0                0                0.00031962043    3.43651e-07      0                0                0
0                0                0                0                7.2508237e-05    -2.651294e-05    0
0                0                0                0                -2.651294e-05    0.000138236      0
0                0                0                0                0                0                0
# Charge State 1
2.5645771        0.00032257884    0                0                0                0                0
0.00032257884    3.45123e-07      0                0                0                0                0
0                0                2.5629085        0.00031962043    0                0                0
0                0                0.00031962043    3.43651e-07      0                0                0
0                0                0                0                7.2508237e-05    -2.651294e-05    0
0                0                0                0                -2.651294e-05    0.000138236      0
0                0                0                0                0                0                0
# Charge State 2
2.5645771        0.00032257884    0                0                0                0                0
0.00032257884    3.45123e-07      0                0                0                0                0
0                0                2.5629085        0.00031962043    0                0                0
0                0                0.00031962043    3.43651e-07      0                0                0
0                0                0                0                7.2508237e-05    -2.651294e-05    0
0                0                0                0                -2.651294e-05    0.000138236      0
0                0                0                0                0                0                0
