# Charge State 0
 1.86610377456       0.000497244730137   0.00395964899479    1.71897326056e-05   0.000265435296201   1.67553092564e-05  0.0
 0.000497244730137   5.74443499846e-06  -5.75154451204e-06   2.14267978725e-08  -1.69210365517e-07   2.68534237418e-09  0.0
 0.00395964899479   -5.75154451204e-06   1.56269208621       0.000228157750726   0.000450122274879  -1.48076671347e-05  0.0
 1.71897326056e-05   2.14267978725e-08   0.000228157750726   7.12609556294e-06  -3.55879253548e-07  -5.50737593664e-08  0.0
 0.000265435296201  -1.69210365517e-07   0.000450122274879  -3.55879253548e-07   0.0010637772647     1.84036521703e-06  0.0
 1.67553092564e-05   2.68534237418e-09  -1.48076671347e-05  -5.50737593664e-08   1.84036521703e-06   1.12264126076e-06  0.0
 0.0                 0.0                 0.0                 0.0                 0.0                 0.0                0.0
# Charge State 1
 1.4366849035        0.000528078389981  -0.0111283824938    -4.0748258127e-05   -0.000562962387949   3.33165677841e-06  0.0
 0.000528078389981   7.95752261232e-06   2.49313253944e-05  -4.54008186448e-08  -1.49292131222e-06   1.37440690735e-08  0.0
-0.0111283824938     2.49313253944e-05   1.32281283235       0.000615292225377   0.000594802837673  -1.12893665725e-05  0.0
-4.0748258127e-05   -4.54008186448e-08   0.000615292225377   8.45086553621e-06   1.77572393272e-06  -4.05984273172e-08  0.0
-0.000562962387949  -1.49292131222e-06   0.000594802837673   1.77572393272e-06   0.00150257484624   -8.11247462746e-06  0.0
 3.33165677841e-06   1.37440690735e-08  -1.12893665725e-05  -4.05984273172e-08  -8.11247462746e-06   1.21712519489e-06  0.0
 0.0                 0.0                 0.0                 0.0                 0.0                 0.0                0.0
